0 14 36 24 26 9 24 33 17 22 14 0 32 12 19 22 12 31 12 10 36 32 0 23 51 46 42 7 44 40 24 12 23 0 28 33 19 26 23 17 26 19 51 28 0 28 9 51 9 11 9 22 46 33 28 0 28 42 20 27 24 12 42 19 9 28 0 43 8 2 33 31 7 26 51 42 43 0 43 41 17 12 44 23 9 20 8 43 0 8 22 10 40 17 11 27 2 41 8 0 