0 47 21 26 26 30 49 24 40 18 47 0 42 36 42 17 3 32 11 38 21 42 0 8 43 26 42 35 32 5 26 36 8 0 44 22 36 36 25 8 26 42 43 44 0 31 45 10 41 38 30 17 26 22 31 0 19 20 11 22 49 3 42 36 45 19 0 35 10 39 24 32 35 36 10 20 35 0 31 30 40 11 32 25 41 11 10 31 0 28 18 38 5 8 38 22 39 30 28 0 