[(0,3,29),(0,7,29),(0,8,3),(0,9,13),(1,2,20),(1,3,21),(1,5,17),(1,6,23),(1,7,13),(1,9,25),(2,1,20),(2,7,7),(3,0,29),(3,1,21),(3,4,17),(3,5,26),(3,6,26),(3,9,17),(4,3,17),(4,5,25),(4,6,19),(5,1,17),(5,3,26),(5,4,25),(5,6,8),(5,7,28),(6,1,23),(6,3,26),(6,4,19),(6,5,8),(7,0,29),(7,1,13),(7,2,7),(7,5,28),(8,0,3),(8,9,14),(9,0,13),(9,1,25),(9,3,17),(9,8,14),]